19910101
19910215
19910218
19910501
19911001
19911002
19920101
19920204
19920205
19920206
19920501
19921001
19921002
19930101
19930125
19930126
19931001
19940207
19940208
19940209
19940210
19940211
19940502
19941003
19941004
19950102
19950130
19950131
19950201
19950202
19950203
19950501
19951002
19951003
19960101
19960219
19960220
19960221
19960222
19960223
19960226
19960227
19960228
19960229
19960301
19960501
19960930
19961001
19961002
19970101
19970203
19970204
19970205
19970206
19970207
19970210
19970211
19970212
19970213
19970214
19970501
19970502
19970630
19970701
19971001
19971002
19971003
19980101
19980102
19980126
19980127
19980128
19980129
19980130
19980202
19980203
19980204
19980205
19980206
19980501
19981001
19981002
19990101
19990210
19990211
19990212
19990215
19990216
19990217
19990218
19990219
19990222
19990223
19990224
19990225
19990226
19990503
19991001
19991004
19991005
19991006
19991007
19991220
19991231
20000103
20000131
20000201
20000202
20000203
20000204
20000207
20000208
20000209
20000210
20000211
20000501
20000502
20000503
20000504
20000505
20001002
20001003
20001004
20001005
20001006
20010101
20010122
20010123
20010124
20010125
20010126
20010129
20010130
20010131
20010201
20010202
20010501
20010502
20010503
20010504
20010507
20011001
20011002
20011003
20011004
20011005
20020101
20020102
20020103
20020211
20020212
20020213
20020214
20020215
20020218
20020219
20020220
20020221
20020222
20020501
20020502
20020503
20020506
20020507
20020930
20021001
20021002
20021003
20021004
20021007
20030101
20030130
20030131
20030203
20030204
20030205
20030206
20030207
20030501
20030502
20030505
20030506
20030507
20030508
20030509
20031001
20031002
20031003
20031006
20031007
20040101
20040119
20040120
20040121
20040122
20040123
20040126
20040127
20040128
20040503
20040504
20040505
20040506
20040507
20041001
20041004
20041005
20041006
20041007
20050103
20050207
20050208
20050209
20050210
20050211
20050214
20050215
20050502
20050503
20050504
20050505
20050506
20051003
20051004
20051005
20051006
20051007
20060102
20060103
20060126
20060127
20060130
20060131
20060201
20060202
20060203
20060501
20060502
20060503
20060504
20060505
20061002
20061003
20061004
20061005
20061006
20070101
20070102
20070103
20070219
20070220
20070221
20070222
20070223
20070501
20070502
20070503
20070504
20070507
20071001
20071002
20071003
20071004
20071005
20071231
20080101
20080206
20080207
20080208
20080211
20080212
20080404
20080501
20080502
20080609
20080915
20080929
20080930
20081001
20081002
20081003
20090101
20090102
20090126
20090127
20090128
20090129
20090130
20090406
20090501
20090528
20090529
20091001
20091002
20091005
20091006
20091007
20091008
20100101
20100215
20100216
20100217
20100218
20100219
20100405
20100503
20100614
20100615
20100616
20100922
20100923
20100924
20101001
20101004
20101005
20101006
20101007
20110103
20110202
20110203
20110204
20110207
20110208
20110404
20110405
20110502
20110606
20110912
20111003
20111004
20111005
20111006
20111007
20120102
20120103
20120123
20120124
20120125
20120126
20120127
20120402
20120403
20120404
20120430
20120501
20120622
20121001
20121002
20121003
20121004
20121005
20130101
20130102
20130103
20130211
20130212
20130213
20130214
20130215
20130404
20130405
20130429
20130430
20130501
20130610
20130611
20130612
20130919
20130920
20131001
20131002
20131003
20131004
20131007
20140101
20140131
20140203
20140204
20140205
20140206
20140407
20140501
20140502
20140602
20140908
20141001
20141002
20141003
20141006
20141007
20150101
20150102
20150218
20150219
20150220
20150223
20150224
20150406
20150501
20150622
20150903
20150904
20151001
20151002
20151005
20151006
20151007
20160101
20160208
20160209
20160210
20160211
20160212
20160404
20160502
20160609
20160610
20160915
20160916
20161003
20161004
20161005
20161006
20161007
20170102
20170127
20170130
20170131
20170201
20170202
20170403
20170404
20170501
20170529
20170530
20171002
20171003
20171004
20171005
20171006
